0 0.1265625 0.4671875 0.0453125 0.0515625
0 0.3015625 0.4734375 0.040625 0.053125
0 0.4359375 0.490625 0.0359375 0.0453125
0 0.5265625 0.465625 0.0328125 0.046875
0 0.5859375 0.46875 0.0359375 0.0484375
0 0.640625 0.4671875 0.0578125 0.0703125
0 0.7046875 0.4609375 0.0109375 0.0125
0 0.73125 0.4625 0.0109375 0.0125
0 0.759375 0.4625 0.0125 0.0140625
0 0.7796875 0.4609375 0.0109375 0.0140625
0 0.8546875 0.4625 0.0109375 0.015625
0 0.86875 0.4625 0.015625 0.0171875
0 0.915625 0.4640625 0.015625 0.021875
0 0.95625 0.4625 0.0171875 0.0203125
0 0.9953125 0.4578125 0.009375 0.021875
1 0.2171875 0.4640625 0.0546875 0.053125
1 0.4921875 0.4609375 0.0453125 0.0625
1 0.684375 0.4546875 0.015625 0.01875
1 0.8296875 0.45625 0.04375 0.0484375