0 0.4484375 0.3546875 0.015625 0.0171875
0 0.65625 0.384375 0.0515625 0.06875
0 0.81875 0.4203125 0.0734375 0.0921875
0 0.18125 0.3453125 0.0203125 0.0203125
0 0.4140625 0.39375 0.0421875 0.0578125
0 0.8890625 0.3640625 0.10625 0.0828125
0 0.8859375 0.4796875 0.159375 0.159375
0 0.3328125 0.390625 0.0546875 0.065625
0 0.25625 0.378125 0.0578125 0.0546875
0 0.546875 0.39375 0.0546875 0.0703125
0 0.6140625 0.409375 0.0734375 0.08125
0 0.1 0.390625 0.084375 0.0984375
0 0.125 0.40625 0.05625 0.0953125
0 0.175 0.415625 0.1015625 0.1171875
0 0.2828125 0.4453125 0.1015625 0.1265625
0 0.3875 0.484375 0.1296875 0.1546875
0 0.709375 0.4609375 0.14375 0.16875
1 0.4796875 0.38125 0.0484375 0.0546875
1 0.4921875 0.5703125 0.0140625 0.03125